"Acadia, ME"	"Big Bend, TX"	"Biscayne, FL"	"Canyonlands, UT"	"Carlsbad Caverns, NM"	"Congaree, SC"	"Crater Lake, OR"	"Cuyahoga Valey, OH"	"Gateway Arch, MO"	"Glacier, MT"	"Grand Canyon, AZ"	"Grand Teton, WY"	"Great Basin, NV"	"Great Sand Dunes, CO"	"Great Smoky Mountains, TN"	"Hot Springs, AR"	"Indiana Dunes, IN"	"Isle Royale, MI"	"Joshua Tree, CA"	"Mammoth Cave, KY"	"Mesa Verde, CO"	"Mount Rainier, WA"	"North Cascades, WA"	"Petrified Forest, AZ"	"Red Wood, CA"	"Rocky Mountain, CO"	"Saguaro, AZ"	"Sequoia, CA"	"Shenandoah, VA"	"Theodore Roosevelt, ND"	"Voyageurs, MN"	"Wind Cave, SD"	"Yellowstone, WY"	"Yosemite, CA"
0	0	0	0	0	0	0	0	0	0	0	0	0	0	0	0	0	0	0	0	0	0	0	0	0	0	0	0	794	0	0	0	0	0
0	0	0	0	0	0	0	0	0	0	0	0	0	0	0	828	0	0	0	0	0	0	0	0	0	0	0	0	0	0	0	0	0	0
0	0	0	0	0	0	0	0	0	0	0	0	0	0	0	0	0	0	0	0	0	0	0	0	0	0	0	0	0	0	0	0	0	0
0	0	0	0	0	0	0	0	0	0	0	0	0	314	0	0	0	0	0	0	0	0	0	0	0	389	0	0	0	0	0	0	0	0
0	242	0	0	0	0	0	0	0	0	0	0	0	0	0	0	0	0	0	0	0	0	0	0	0	0	0	0	0	0	0	0	0	0
0	0	658	0	0	0	0	0	0	0	0	0	0	0	0	0	0	0	0	0	0	0	0	0	0	0	0	0	0	0	0	0	0	0
0	0	0	0	0	0	0	0	0	0	0	0	0	0	0	0	0	0	0	0	0	0	0	0	169	0	0	0	0	0	0	0	0	0
919	0	0	0	0	0	0	0	0	0	0	0	0	0	0	0	0	0	0	0	0	0	0	0	0	0	0	0	319	0	0	0	0	0
0	0	0	0	0	0	0	0	0	0	0	0	0	0	0	0	305	0	0	0	0	0	0	0	0	0	0	0	0	0	0	0	0	0
0	0	0	0	0	0	0	0	0	0	0	0	883	0	0	0	0	0	0	0	0	0	0	0	0	0	0	0	0	0	0	0	366	0
0	0	0	0	0	0	0	0	0	0	0	0	0	0	0	0	0	0	0	0	0	0	0	184	0	0	356	0	0	0	0	0	0	0
0	0	0	0	0	0	0	0	0	0	0	0	0	0	0	0	0	0	0	0	0	0	0	0	0	458	0	0	0	0	0	460	0	0
0	0	0	336	0	0	0	0	0	0	411	0	0	0	0	0	0	0	0	0	0	0	0	0	0	0	0	0	0	0	0	0	0	0
0	0	0	0	0	0	0	0	941	0	0	0	0	0	0	882	0	0	0	0	0	0	0	0	0	0	0	0	0	0	0	0	0	0
0	0	0	0	0	206	0	0	0	0	0	0	0	0	0	0	0	0	0	0	0	0	0	0	0	0	0	0	0	0	0	0	0	0
0	0	0	0	0	0	0	0	0	0	0	0	0	0	594	0	0	0	0	486	0	0	0	0	0	0	0	0	0	0	0	0	0	0
0	0	0	0	0	0	0	305	0	0	0	0	0	0	0	0	0	0	0	358	0	0	0	0	0	0	0	0	0	0	0	0	0	0
0	0	0	0	0	0	0	0	0	0	0	0	0	0	0	0	497	0	0	0	0	0	0	0	0	0	0	0	0	0	0	0	0	0
0	0	0	0	0	0	0	0	0	0	357	0	0	0	0	0	0	0	0	0	0	0	0	0	0	0	355	0	0	0	0	0	0	0
0	0	0	0	0	0	0	0	0	0	0	0	0	0	204	0	0	0	0	0	0	0	0	0	0	0	0	0	0	0	0	0	0	0
0	0	0	0	0	0	0	0	0	0	0	0	0	220	0	0	0	0	0	0	0	0	0	0	0	0	0	0	0	0	0	0	0	0
0	0	0	0	0	0	382	0	0	0	0	0	932	0	0	0	0	0	0	0	0	0	0	0	0	0	0	0	0	0	0	0	0	0
0	0	0	0	0	0	0	0	0	509	0	0	0	0	0	0	0	0	0	0	0	196	0	0	0	0	0	0	0	0	0	0	0	0
0	0	0	0	0	0	0	0	0	0	0	0	0	0	0	0	0	0	0	0	234	0	0	0	0	0	0	0	0	0	0	0	0	0
0	0	0	0	0	0	0	0	0	0	0	0	0	0	0	0	0	0	0	0	0	0	0	0	0	0	0	0	0	0	0	0	0	516
0	0	0	0	0	0	0	0	0	0	0	0	0	267	0	0	0	0	0	0	0	0	0	0	0	0	0	0	0	0	0	0	0	0
0	0	0	0	451	0	0	0	0	0	0	0	0	0	0	0	0	0	0	0	0	0	0	0	0	0	0	0	0	0	0	0	0	0
0	0	0	0	0	0	0	0	0	0	0	0	0	0	0	0	0	0	329	0	0	0	0	0	0	0	0	0	0	0	0	0	0	0
0	0	0	0	0	384	0	0	0	0	0	0	0	0	0	0	0	0	0	0	0	0	0	0	0	0	0	0	0	0	0	0	0	0
0	0	0	0	0	0	0	0	0	0	0	0	0	0	0	0	0	0	0	0	0	0	0	0	0	0	0	0	0	0	579	0	0	0
0	0	0	0	0	0	0	0	821	0	0	0	0	0	0	0	0	403	0	0	0	0	0	0	0	0	0	0	0	0	0	0	0	0
0	0	0	0	0	0	0	0	922	0	0	0	0	0	0	0	0	0	0	0	0	0	0	0	0	0	0	0	0	0	0	0	0	0
0	0	0	0	0	0	0	0	0	0	0	133	0	0	0	0	0	0	0	0	0	0	0	0	0	0	0	0	0	510	0	0	0	0
0	0	0	0	0	0	0	0	0	0	0	0	604	0	0	0	0	0	0	0	0	0	0	0	0	0	0	190	0	0	0	0	0	0